origin to right to up to left to down
(1439, 899)
(2347, 897)
(2341, 126)
(1436, 131)
solid line
(1439, 898)
(1589, 858)
(1741, 745)
(1892, 579)
(2042, 366)
dashed line
(1439, 899)
(1591, 877)
(1741, 783)
(1891, 614)
(2041, 367)

figure 2
frame counter-clockwize
(1492, 900)
(2397, 898)
(2393, 123)
(1489, 127)
dashed line
(1491, 900)
(1643, 878)
(1793, 794)
(1943, 683)
(2094, 413)

figure 3
frame ccw
(1470, 902)
(2379, 901)
(2375, 127)
(1470, 129)
dashed line
(1470, 902)
(1622, 877)
(1772, 809)
(1922, 649)
(2075, 434)

figure 4
ccw frame
(1514, 902)
(2420, 901)
(2416, 125)
(1514, 128)
dashed line
(1513, 901)
(1666, 861)
(1815, 752)
(2118, 377)
screw it, last one was solid line
now really try dashed line
(1513, 902)
(1669, 873)
(1817, 801)
(1967, 638)
(2118, 373)

ccw
ccw
(1478, 943)
(2385, 939)
(2378, 170)
(1475, 173)

cylinder
(1477, 945)
(1629, 929)
(1779, 898)
(1932, 835)
(2081, 745)
(2232, 528)
(2380, 186)

point
(1477, 941)
(1629, 933)
(1781, 915)
(1932, 898)
(2083, 862)
(2234, 800)
(2383, 734)

figure 2
cc
(1484, 939)
(2390, 934)
(2385, 162)
(1481, 166)

cylinder
(1482, 940)
(1636, 923)
(1784, 876)
(1935, 815)
(2086, 723)
(2237, 533)
(2386, 289)

tip
(1482, 939)
(1635, 928)
(1787, 906)
(1937, 881)
(2089, 833)
(2238, 776)
(2388, 682)

ccw
(1424, 921)
(2331, 922)
(2329, 148)
(1423, 152)

cyn
(1425, 921)
(1572, 909)
(1726, 885)
(1877, 815)
(2028, 729)
(2179, 600)
(2329, 375)

tip
(1426, 922)
(1574, 918)
(1726, 908)
(1878, 866)
(2029, 822)
(2178, 769)
(2330, 677)

ccw
(1492, 922)
(2399, 922)
(2395, 144)
(1491, 148)

cyl
(1491, 921)
(1645, 897)
(1794, 855)
(1945, 827)
(2096, 730)
(2247, 578)
(2397, 390)

tip
(1493, 920)
(1643, 912)
(1796, 888)
(1946, 861)
(2097, 829)
(2248, 804)
(2397, 746)
